15.55 28.65
14.90 27.55
14.45 28.35
14.15 28.80
13.75 28.05
13.35 28.45
13.00 29.15
13.45 27.50
13.60 26.50
12.80 27.35
12.40 27.85
12.30 28.40
12.20 28.65
13.40 25.10
12.95 25.95
12.90 26.50
11.85 27.00
11.35 28.00
11.15 28.70
11.25 27.40
10.75 27.70
10.50 28.35
 9.65 28.45
10.25 27.25
10.75 26.55
11.70 26.35
11.60 25.90
11.90 25.05
12.60 24.05
11.90 24.50
11.10 25.20
10.55 25.15
10.05 25.95
 9.35 26.60
 9.30 27.25
 9.20 27.80
 7.50 28.25
 8.55 27.45
 8.50 27.05
 8.05 27.20
 7.85 26.80
 7.30 27.40
 6.80 26.85
 7.00 26.50
 7.55 26.30
 8.55 26.30
 9.00 25.85
 8.60 25.65
 9.40 25.55
 8.45 25.05
 8.85 24.60
 9.65 24.70
10.55 24.35
11.05 23.90
10.55 23.55
 9.45 23.35
 9.20 23.90
 8.35 23.90
 7.35 24.75
 7.40 25.45
 6.60 25.75
 6.10 26.00
 5.80 26.95
 5.65 25.80
 5.30 26.10
 6.40 25.40
 5.40 25.25
 5.35 24.70
 4.80 25.05
 4.20 25.55
 6.40 24.80
 6.55 24.30
 7.40 24.25
 5.45 24.20
 4.30 24.00
 4.00 24.25
 3.35 23.30
 4.85 23.05
 4.30 22.75
 5.85 23.40
 5.90 23.55
 7.55 23.70
 6.85 23.25
 7.65 23.10
 6.95 22.55
 6.10 22.60
 5.50 22.60
 4.70 22.10
 3.80 21.85
 4.65 21.20
 4.15 20.35
 5.30 20.40
 5.60 20.75
 5.80 21.95
 6.40 21.95
 6.55 21.15
 7.45 21.95
 7.40 21.55
 7.75 21.20
 7.65 20.65
 6.95 19.80
 6.60 20.10
 6.05 20.20
 5.40 19.65
 5.35 19.05
 5.80 18.25
 6.30 19.10
 7.00 18.90
 7.15 17.90
 7.35 18.20
 8.20 20.05
 8.30 19.45
 8.30 18.50
 8.75 18.80
 9.05 18.20
 9.35 17.70
 8.90 17.65
 8.45 17.20
10.05 17.20
10.40 16.75
 8.60 20.90
 8.65 21.30
 8.65 21.90
 8.65 22.50
 8.95 22.80
 9.95 22.65
 8.95 22.20
 9.65 21.90
10.55 22.30
10.90 22.85
11.35 23.45
12.05 23.40
12.30 22.75
11.70 22.15
11.15 22.05
10.85 21.50
10.85 21.05
 9.60 21.30
 9.85 20.70
 9.35 20.60
 9.25 19.65
 9.95 19.80
10.70 20.35
11.30 20.70
12.35 21.60
13.10 21.30
12.85 20.75
12.00 20.00
11.00 19.85
10.35 19.00
 9.90 18.65
10.60 18.15
11.40 18.30
11.40 19.25
12.35 18.80
12.80 19.75
12.15 18.10
11.05 17.50
11.95 17.25
12.25 17.50
13.05 17.40
13.75 18.15
13.50 18.65
13.65 19.25
14.00 19.90
15.20 18.20
15.50 17.15
13.90 17.10
13.75 16.60
12.15 16.40
 7.80 13.70
 8.85 13.35
 9.00 12.70
 9.70 12.10
 8.05 12.90
 7.70 13.25
 6.80 13.20
 6.60 13.45
 6.20 12.55
 5.40 12.85
 5.70 12.25
 5.20 11.90
 5.15 11.35
 5.85 11.20
 6.10 11.75
 7.00 12.35
 7.05 12.45
 7.90 12.50
 8.55 12.10
 7.85 11.85
 7.10 11.95
 6.90 11.50
 6.85 10.90
 6.40 10.70
 5.90 10.30
 6.40 10.25
 7.05 10.05
 7.35 10.50
 7.65 11.10
 8.10 11.20
 8.80 11.40
 8.30 10.55
 9.00 10.90
 9.35 10.50
10.15 11.00
10.40 10.55
10.90 10.00
11.55 10.20
11.75 10.85
10.10  8.65
11.05  9.10
11.85  9.80
12.85 10.65
12.90 11.70
13.60 11.10
14.05 11.75
14.50 11.80
14.30 12.45
17.00 12.90
15.80 12.60
15.85 12.00
16.70 12.20
16.25 11.70
15.55 11.15
14.80 11.35
14.45 10.75
13.75 10.45
12.80 10.10
13.15  9.80
12.45  9.30
11.80  8.95
11.10  8.45
10.35  7.70
10.10  6.75
11.30  7.95
12.35  8.45
13.10  8.95
13.20  9.35
14.10 10.05
11.50  7.50
11.35  6.90
11.95  6.75
12.40  7.10
12.25  7.60
12.95  7.60
13.45  7.95
13.35  8.25
13.75  9.00
14.30  9.30
14.85  9.55
15.10 10.25
15.45 10.55
16.35 10.85
16.75 11.50
16.25 10.20
15.40 10.10
15.45  9.70
15.15  9.30
15.25  8.65
15.55  8.20
14.25  8.70
14.25  8.25
15.05  7.80
14.30  7.50
13.55  7.45
14.30  6.95
13.95  6.70
13.05  6.95
13.05  6.20
11.55  6.30
10.80  5.85
10.60  5.05
11.35  5.55
12.15  5.40
12.40  5.80
12.80  5.70
13.65  5.90
13.90  5.30
13.10  5.10
12.55  4.90
11.50  4.75
11.35  4.05
12.40  4.35
11.75  3.45
12.65  3.70
13.40  4.35
13.90  4.95
12.75  3.00
13.55  3.15
13.70  3.65
14.10  4.10
14.65  5.05
14.35  5.75
14.50  6.55
15.15  7.10
13.60  2.55
14.45  2.40
14.60  3.05
15.00  3.40
15.25  3.50
14.70  4.10
14.70  4.50
15.25  2.70
15.65  2.05
15.95  2.80
16.10  3.55
15.90  4.00
15.60  4.75
15.55  5.05
15.35  5.50
15.15  5.95
15.50  6.75
15.70  6.35
16.20  5.90
16.35  5.35
16.20  4.55
16.55  4.20
16.95  4.75
17.05  5.10
17.30  4.80
17.30  4.15
17.60  4.30
17.05  3.70
17.25  3.05
16.65  2.80
16.55  2.15
17.20  2.05
18.15  1.95
18.05  2.45
18.15  3.05
18.60  3.45
18.40  3.60
18.85  3.20
19.10  2.65
19.45  2.65
19.00  2.10
19.90  2.05
20.45  2.80
19.80  3.25
19.45  3.90
18.65  4.20
18.40  4.60
18.65  4.75
18.75  5.15
19.10  4.55
17.90  5.40
17.65  5.70
17.05  6.05
17.40  6.50
16.60  6.85
15.70  7.15
15.75  7.75
16.60  7.95
20.40  3.40
20.70  3.45
21.15  2.85
21.75  2.65
22.00  3.25
22.20  3.50
21.45  3.75
21.10  4.05
20.15  4.30
20.80  4.70
20.70  5.15
19.75  5.05
19.85  5.50
20.40  5.65
20.55  5.75
18.70  5.75
19.25  5.95
18.40  6.00
18.45  6.60
17.65  7.05
16.70  7.40
18.65  7.30
18.05  7.35
17.85  7.75
17.50  8.25
17.15  8.60
17.05  9.00
16.40  8.70
16.05  8.95
16.05  9.60
16.50  9.75
17.25  9.60
17.60  9.90
17.80  9.30
18.00  8.55
18.80  8.10
18.80  8.35
19.40  7.60
19.25  6.60
20.05  6.95
19.80  7.50
20.05  6.35
21.15  5.70
21.65  4.85
22.15  4.35
23.05  3.35
23.05  3.80
23.15  4.40
22.50  4.75
22.15  5.20
24.15  4.55
23.50  5.05
23.10  5.30
23.00  5.75
22.20  5.75
21.85  6.20
20.75  6.55
21.00  7.15
20.75  7.65
20.00  8.20
19.50  8.65
18.85  9.05
18.75  9.55
18.60 10.00
16.95 10.35
17.35 10.85
18.00 10.65
18.50 10.55
18.10 11.10
17.55 11.30
17.95 11.90
18.30 12.00
18.00 12.50
19.00 11.65
19.50 11.05
19.45 10.55
19.40  9.65
20.10  9.40
20.05  9.95
20.05 10.20
19.35 12.20
19.20 12.25
20.05 11.60
20.60 11.15
20.70 10.65
21.30 11.65
21.80 11.15
21.85 10.70
21.65 10.05
20.95 10.20
20.90  9.70
21.65  9.45
21.20  9.25
20.75  8.75
20.55  8.75
21.10  8.00
21.65  8.65
21.75  8.20
21.95  7.55
22.00  6.75
22.80  6.45
22.65  6.65
22.75  7.05
23.00  7.35
22.55  7.90
22.20  8.70
22.90  8.45
22.35  9.20
22.75  9.35
22.40 10.05
23.05 10.90
23.30  9.85
23.95  9.80
23.65  9.10
23.70  8.85
24.25  8.25
24.85  7.95
23.50  7.85
23.85  7.35
23.95  6.90
23.65  6.50
23.60  5.70
24.30  5.65
24.80  6.40
34.05  3.50
33.05  3.85
32.00  3.80
31.90  4.40
31.05  4.75
30.40  5.65
30.75  6.10
30.00  6.70
30.10  7.40
29.50  8.15
30.75  8.00
30.85  7.35
31.50  6.75
31.75  5.95
32.35  6.45
32.80  6.00
32.05  5.10
32.80  4.80
32.65  4.40
33.65  4.60
33.05  5.15
33.60  5.45
34.50  5.05
34.90  4.65
35.45  4.10
34.60  4.05
34.20  4.20
36.30  5.20
35.55  5.35
35.95  6.05
34.80  5.85
33.70  6.15
33.95  6.60
33.70  7.05
32.75  7.10
32.30  7.65
33.00  7.90
31.95  8.15
31.15  8.65
30.35  8.85
29.85  9.00
30.70  9.15
29.70  9.90
30.45  9.95
30.95  9.85
31.80  9.45
32.45  8.80
33.55  8.60
34.35  7.70
34.70  8.00
34.60  7.25
35.00  6.80
35.50  7.35
36.10  7.50
36.55  7.00
36.00  8.20
35.35  8.05
36.55  8.65
36.40  9.10
35.50  9.10
34.55  8.85
35.25  9.40
34.40  9.50
33.50  9.30
33.85  9.80
32.50  9.65
32.30 10.25
33.30 10.30
31.60 10.50
30.60 10.50
30.40 11.10
30.90 11.45
30.70 11.65
30.40 12.05
31.20 12.00
31.95 11.35
31.65 11.05
32.95 11.15
32.65 11.70
32.25 12.25
32.05 12.25
31.30 12.70
31.95 12.95
32.75 13.10
33.15 13.20
33.10 12.75
33.15 12.10
34.30 11.75
34.00 10.85
34.65 11.00
34.80 10.10
35.65  9.85
36.35 10.00
35.55 10.75
35.80 11.55
35.20 11.75
34.70 11.75
34.95 12.75
34.05 12.55
34.05 13.05
33.25 13.70
33.20 14.15
33.25 14.70
33.00 15.15
32.95 15.65
32.60 16.15
32.45 16.75
32.65 17.05
32.75 17.30
31.75 17.20
31.70 17.65
31.00 17.50
31.15 17.90
30.45 18.05
30.05 18.80
30.55 18.80
30.50 19.30
30.25 19.40
29.60 19.85
29.15 20.55
30.25 20.45
30.70 20.05
31.00 19.90
31.55 19.65
31.50 18.55
32.05 18.60
31.95 19.10
32.60 18.35
32.85 17.95
33.45 17.45
33.70 17.00
34.25 17.35
34.30 18.05
33.85 18.40
33.05 18.85
33.25 18.95
32.80 19.15
32.30 19.85
32.80 20.00
31.75 20.25
31.75 20.75
32.10 21.15
31.55 21.60
30.65 21.30
29.95 21.60
29.50 21.60
30.35 22.05
31.05 22.00
31.55 22.20
30.95 22.65
30.30 23.10
29.60 23.15
29.35 22.55
29.20 23.85
30.75 24.00
30.95 24.15
31.45 23.70
31.95 23.15
32.55 22.05
32.60 22.55
33.25 22.25
33.65 21.90
33.50 21.30
33.10 20.75
33.80 20.40
33.85 20.00
34.15 19.30
34.85 18.85
35.30 18.55
35.40 19.35
34.55 19.75
35.05 20.00
35.95 19.85
36.35 20.60
35.50 20.55
34.45 20.65
34.40 21.25
35.00 21.05
35.75 21.30
35.05 21.50
34.60 22.05
34.20 21.75
36.25 21.95
35.70 22.30
35.50 22.90
35.85 23.25
36.30 23.80
35.45 24.10
34.90 23.50
34.20 22.90
33.85 23.30
33.25 23.35
32.45 23.70
33.60 23.90
34.25 23.95
34.25 24.10
35.40 24.70
35.15 25.30
34.40 24.90
33.70 24.85
32.25 24.45
32.50 24.70
31.45 24.45
31.55 25.20
31.05 25.00
30.25 24.30
29.80 24.80
29.60 25.50
29.70 26.05
30.50 25.50
30.65 26.00
31.25 26.05
31.45 26.95
30.75 26.90
30.65 27.15
31.25 27.85
31.85 27.75
32.70 28.20
33.25 27.55
32.40 27.10
32.15 26.65
32.35 25.95
32.95 25.50
33.85 26.05
33.05 26.50
33.65 27.00
34.10 27.35
34.20 27.95
34.65 26.85
35.25 26.00
35.70 26.15
34.40 25.60
21.30 20.80
20.15 20.90
19.20 21.35
19.10 21.85
18.45 22.80
18.75 22.95
19.40 23.00
19.55 22.25
19.80 21.85
20.50 21.85
21.45 21.45
21.70 21.90
21.40 22.30
21.00 22.60
21.15 22.95
20.50 22.85
19.75 23.65
19.20 23.70
18.45 24.35
20.65 23.85
20.65 24.30
19.70 24.60
20.15 25.05
22.15 25.10
21.60 24.65
21.70 23.80
21.90 23.65
22.55 23.50
22.55 24.30
23.30 24.45
24.25 24.35
23.80 25.25
23.40 23.80
22.90 23.20
22.30 22.80
22.20 22.40
23.10 21.70
22.85 21.90
22.65 21.10
23.15 22.60
24.10 21.90
24.70 22.20
24.30 22.60
24.15 23.30
23.90 23.45
 5.20  2.15
 6.35  1.95
 6.75  2.30
 5.90  2.40
 5.40  2.70
 4.85  2.90
 4.85  3.35
 5.15  3.45
 5.70  3.45
 6.20  3.00
 6.20  3.20
 7.65  2.15
 7.20  2.75
 6.75  3.20
 6.75  3.55
 6.65  3.80
 5.80  4.00
 4.95  4.05
 5.10  4.35
 5.70  4.45
 5.45  4.85
 6.70  4.80
 6.55  5.05
 7.20  4.90
 6.20  4.25
 7.10  4.30
 7.85  4.50
 7.60  4.15
 7.25  3.55
 7.80  3.35
 8.05  2.75
 8.50  3.25
 8.10  3.55
 8.15  4.00
