3.1106e-01 3.3553e-01
2.4194e-01 1.4693e-01
2.8802e-01 9.8684e-02
9.8387e-01 7.3026e-01
8.5253e-02 3.4430e-01
1.4677e+00 1.3750e+00
1.8664e-01 2.0833e-01
1.7742e-01 8.2675e-01
1.8134e+00 6.0307e-01
2.0046e-01 4.6053e-02
5.8756e-01 2.6535e-01
2.3272e-01 1.0373e+00
3.0184e-01 8.1360e-01
2.3733e-01 1.5570e-01
1.4516e-01 3.3114e-01
1.2143e+00 6.9079e-01
2.3733e-01 8.8816e-01
9.5161e-01 6.8640e-01
3.8018e-01 2.9167e-01
2.9724e-01 1.0241e+00
1.4217e+00 1.3925e+00
1.7765e+00 4.1886e-01
1.9378e+00 3.7939e-01
1.4401e+00 1.2434e+00
1.6014e+00 1.1908e+00
1.6290e+00 5.8114e-01
1.7627e+00 6.0746e-01
1.8917e+00 5.2412e-01
1.0899e+00 7.3026e-01
1.5438e-01 2.2661e-01
2.2350e-01 3.4868e-01
1.3704e+00 1.4306e+00
1.0438e+00 7.7851e-01
2.9263e-01 1.0241e+00
1.9101e+00 4.8465e-01
1.8687e+00 5.4167e-01
1.4447e+00 1.3311e+00
8.7327e-01 3.6184e-01
1.6659e+00 5.8553e-01
9.0553e-01 7.3904e-01
1.2212e-01 1.6886e-01
1.0392e+00 5.9868e-01
3.5714e-01 1.0504e+00
1.7627e+00 4.4518e-01
3.8940e-01 2.5219e-01
1.7742e-01 7.5219e-01
1.7995e+00 4.1009e-01
3.9171e-02 1.7325e-01
6.2903e-01 8.1798e-01
2.3272e-01 1.7325e-01
2.2350e-01 7.9167e-01
9.5622e-01 5.7675e-01
3.4793e-01 9.4518e-01
1.3802e+00 1.3092e+00
9.0092e-01 5.7675e-01
1.9887e+00 3.0848e-01
1.0069e+00 7.1272e-01
1.5276e+00 1.1864e+00
3.3871e-01 7.7412e-01
1.4124e+00 1.1250e+00
1.6152e+00 6.2500e-01
1.6106e+00 1.1162e+00
1.6889e+00 4.9781e-01
1.6751e+00 4.9781e-01
1.0829e-01 2.4342e-01
4.9539e-01 8.9693e-01
3.0645e-01 2.6535e-01
2.3733e-01 1.0022e+00
3.7097e-01 2.0395e-01
1.6659e+00 5.5482e-01
3.0645e-01 7.4342e-01
7.6037e-02 2.2588e-01
1.7350e+00 4.8904e-01
1.7212e+00 4.5833e-01
1.3986e+00 1.1908e+00
3.9862e-01 1.6447e-01
9.1475e-01 4.6272e-01
1.8825e+00 4.1886e-01
9.9078e-02 1.0746e-01
1.9009e+00 3.7061e-01
8.9862e-02 1.7325e-01
1.0069e+00 5.5921e-01
7.7650e-01 7.8289e-01
1.5092e+00 1.1996e+00
1.0069e+00 7.7412e-01
9.5161e-01 6.1184e-01
1.5138e+00 1.2390e+00
9.0092e-01 6.6009e-01
1.6889e+00 5.5921e-01
1.6820e-01 3.2675e-01
1.3802e+00 1.3311e+00
1.4631e+00 1.2478e+00
2.4654e-01 4.4079e-01
1.7581e+00 5.5044e-01
1.0622e+00 6.3377e-01
1.0760e+00 5.9868e-01
1.4908e+00 1.2259e+00
1.5339e+00 5.5468e-01
2.0507e-01 2.9605e-01
1.4217e+00 6.5570e-01
2.8341e-01 2.3904e-01
1.6429e+00 5.3728e-01
1.5783e+00 6.5132e-01
1.7488e+00 5.0658e-01
2.6498e-01 5.8991e-01
2.8802e-01 9.5395e-01
6.6820e-02 2.8728e-01
1.6244e+00 1.2654e+00
1.0806e+00 6.5570e-01
1.6935e+00 5.8114e-01
4.0323e-01 8.5526e-02
3.7558e-01 3.5746e-01
3.5253e-01 1.3816e-01
9.3779e-01 5.4605e-01
1.4032e+00 1.3268e+00
1.0392e+00 5.9868e-01
3.2028e-01 7.6096e-01
1.5438e-01 8.5746e-01
1.2788e+00 9.6711e-01
1.3018e+00 6.1623e-01
1.5000e+00 6.6886e-01
2.1429e-01 2.3904e-01
1.8963e+00 5.6798e-01
1.6336e+00 1.2215e+00
3.3410e-01 9.4079e-01
1.1866e-01 2.2953e-01
1.0760e+00 5.6798e-01
9.2396e-01 6.6886e-01
9.8848e-01 6.7763e-01
1.6659e+00 1.2434e+00
1.9147e+00 3.7061e-01
3.5253e-01 8.4868e-01
2.9724e-01 8.6184e-01
1.6359e-01 1.1623e-01
3.8479e-01 3.1360e-01
1.8594e+00 3.8816e-01
1.7530e+00 1.2705e+00
1.4263e+00 1.1645e+00
3.8940e-01 1.0373e+00
1.0668e+00 6.6886e-01
1.9194e+00 4.5833e-01
7.0276e-01 3.4868e-01
2.5576e-01 9.4298e-02
9.6544e-01 7.8728e-01
1.4862e+00 1.3048e+00
9.3318e-01 7.1711e-01
9.8848e-01 6.7325e-01
1.0161e+00 7.3026e-01
9.8848e-01 6.2500e-01
4.6313e-01 2.2588e-01
1.9585e-01 9.7149e-01
1.8687e+00 4.4956e-01
1.5922e+00 1.2917e+00
3.1106e-01 6.6009e-01
9.1475e-01 7.0395e-01
1.9124e-01 1.4693e-01
1.5876e+00 1.3575e+00
1.0346e+00 7.4781e-01
1.5461e+00 1.2654e+00
1.6820e-01 9.6711e-01
1.5369e+00 1.2654e+00
1.1452e+00 8.5307e-01
1.7995e+00 4.8904e-01
1.7212e+00 6.0307e-01
4.1244e-01 7.8728e-01
1.7581e+00 4.2325e-01
3.7558e-01 9.0132e-01
4.4009e-01 9.8026e-01
2.5576e-01 3.4430e-01
1.0668e+00 6.5132e-01
1.6820e-01 9.4956e-01
3.6175e-01 1.1184e-01
1.9654e+00 4.4518e-01
1.4516e-01 1.4883e-01
1.0484e+00 7.3465e-01
