1.459286152702504502e+00
-1.864636393973611694e+00
-1.520183653985676120e+00
3.576080263095762657e+00
-2.590965908920774829e+00
-1.823451825589605280e+00
-1.435831080897451706e+00
-1.420397032073942079e+00
-1.380661680708904937e+00
1.964987038995117619e+00
3.826159854905184954e+00
-1.425007793778694909e+00
-1.296298137853329147e+00
-1.385872533648938809e+00
-3.296309556605262259e+00
-1.460989661446817189e+00
-3.492464401935931662e+00
2.406171094482284722e+00
-2.243231598995873100e+00
-5.883733126316719186e-01
-1.563238923235168665e+00
-1.380444838810434449e+00
-1.573734150524668030e+00
-2.395415429061816148e+00
-2.691997283422454590e+00
-1.525335083098911859e+00
-2.726764379290330886e+00
-3.176769216750312541e+00
1.183089715659979113e+00
-1.339798001326197641e+00
1.121741018202236484e+00
-1.493075375057901555e+00
-2.999768734407679105e+00
-1.016320874336779090e+00
-1.181199993158122741e+00
1.559487384840798407e+00
-2.924107024264709587e+00
-2.817631282060717002e+00
-3.082133513110922429e+00
2.026653359423372436e+00
-1.667233785700299897e+00
1.110688671766479674e+00
1.507443831544053037e+00
-9.745017865011293967e-01
-1.442165279294628899e+00
2.235758364566324374e+00
-1.494913343753345947e+00
3.578395073070578469e+00
-3.659895797378793780e+00
3.761435630927166596e+00
-1.548119722819246702e+00
-1.293985866160868081e+00
-1.350059456094091503e+00
-1.860146339329556975e+00
2.710718915965261822e+00
8.234419378230106723e-02
-1.564303318506843343e+00
-1.587160446957304183e+00
1.270862583650629984e+00
-2.357081190803890447e+00
1.998049787089874574e+00
2.248662243002320427e+00
-2.003710920374965010e+00
-1.271811323689307383e+00
-1.577957063197181542e+00
-1.299702308933226469e+00
2.452111853319661527e+00
1.841102432615020490e+00
-1.455686642690050991e+00
-1.670379871829150931e+00
4.503245919880829451e-01
4.333863194479143921e-01
1.500192331246261057e+00
-1.736175451955784821e+00
-1.559444971512024436e+00
-2.172333561524795620e+00
-2.596563746719505517e+00
-1.520577771317805693e+00
-1.533869837199016040e+00
1.396457832466551752e+00
-1.682579910345070040e+00
8.258073696689759435e-01
-2.027930206007422242e-01
-2.698255026808031865e+00
-2.273369385041080992e+00
-1.191457988596317241e+00
-1.354564501698854784e+00
-9.626577710077042216e-01
-1.438744712586879970e+00
-1.572099786565470003e+00
6.150614491823193086e-01
-2.106388133756305514e+00
-2.033372923442100966e+00
1.790684943661934980e+00
2.595437623262607740e+00
-1.508006805573925080e+00
-1.495011462071850206e+00
-1.527393011836033265e+00
-1.322388282008725824e+00
-1.386901260423221371e+00
3.240022139553984104e-01
-1.519475276176226020e+00
1.673703215459102056e+00
-2.999686502747437533e+00
-1.522772202574511180e+00
3.248809808865025239e-01
-3.134365017327660041e+00
-1.526371854598889133e+00
-1.082880870787159111e+00
1.467693347126318715e+00
-1.569604321649647583e+00
1.144562068306724356e+00
3.850373930677006840e-01
2.135305421179584773e+00
-8.323442826136888684e-01
-3.012542467491188702e+00
6.156976379987976200e-01
4.148187811392736180e-01
1.250802026750695628e+00
1.522668718890495709e+00
1.627040914585248244e+00
3.923216901186149741e+00
1.584109756480151843e+00
9.967107327044411047e-01
-1.691191845848098119e+00
-1.171366220998651730e+00
-1.926634308941512996e+00
-1.457382950163468749e+00
-1.540636275888335405e+00
-1.531021564985655781e+00
1.903790153419919084e+00
3.044779070600514004e+00
-1.611548841439754964e+00
1.210978964744112707e+00
-2.173459429602288218e+00
-1.494196907977109356e+00
7.775550892143673343e-01
1.939230816603741081e+00
-2.286759699315521477e-01
-1.567996091598486519e+00
-1.360975761058130562e+00
-1.509489307631121102e+00
-2.528572660699583530e+00
-1.319209254746029458e+00
-1.601242763022706850e+00
-1.411401296887062173e+00
-1.477459981016906010e+00
-2.550828962556236590e+00
1.775026477830578875e+00
-3.089675832780589992e+00
-1.301318728441545280e+00
-1.891599083477391474e+00
-2.699512446947095246e+00
-1.653604673464123431e+00
-8.115992035620231970e-01
2.795607679399378931e+00
2.451448300205880226e+00
-1.867704471044000947e+00
1.570226781811762340e+00
-1.460614777102789530e+00
2.810505174214215085e+00
-1.467449481309828219e+00
-1.540219847245848817e+00
-2.066031660144539650e+00
-1.900684663522004936e+00
-1.550629757818558385e+00
2.018445745045787110e+00
-2.889976490538994192e+00
-1.321524933986226280e+00
-1.356837488176242390e+00
1.348897484715103845e+00
-1.543407234835998620e+00
-1.508284026635198671e+00
2.551376380397131882e+00
-1.472491813453839837e+00
-1.743273563128480808e+00
-1.445169824068094577e+00
-2.354585541743157151e+00
-1.309724771618788086e+00
-2.780354633951502841e+00
2.405551311510286006e+00
1.253778983064790964e+00
5.936561564558164861e-01
3.866108768403442308e-01
-1.473166759353058852e+00
-2.137000938252495708e+00
-1.428809319435038194e+00
-1.439944423494036174e+00
2.587234871858656859e+00
6.675632425623910793e-01
-1.461650866876811561e+00
-1.512303172199558343e+00
-9.184634768536954486e-01
-1.947573439852321897e+00
-1.756910642614448292e+00
-1.482424240425460837e+00
-1.265495668782013805e+00
2.469507554183666187e+00
-1.854148454283575775e+00
2.026803972369256357e+00
